52,35
32,1
32,3
31,3
30,1
30,3
10,214
10,126
10,261
10,189
10,15
10,109
10,127
10,283
11,9
11,23
11,10
11,19
11,2
11,3
9,4
9,6
8,12
8,16
8,17
8,4
12,2
12,1
12,3
35,7
35,6
35,5
35,4
35,3
35,1
34,5
34,4
34,3
34,2
34,1
33,170
33,169
33,168
33,167
33,166
33,165
33,164
33,163
33,162
33,161
33,160
33,159
33,158
33,157
33,156
33,155
33,154
33,153
33,152
33,151
33,150
33,149
33,148
33,147
33,146
33,145
33,144
33,143
33,142
33,141
33,140
33,139
33,138
33,137
33,136
33,135
33,134
33,133
33,132
33,131
33,130
33,129
33,128
33,127
33,126
33,125
33,124
33,123
33,122
33,121
33,120
33,119
33,118
33,117
33,116
33,115
33,114
33,113
33,112
33,111
33,110
33,109
33,108
33,107
33,106
33,105
33,104
33,103
33,102
33,101
33,100
33,99
33,98
33,18
33,17
33,16
33,15
33,14
33,13
33,12
33,2
20,2
33,0
20,1
20,3
31,7
31,1
31,4
29,3
29,1
28,5
28,4
28,3
19,2
